18513921
98309
3342342
9830409
18972686
6291471
18317329
3932179
18317332
18972693
19267604
3440660
13336601
13336602
13041693
13893663
7634979
21266476
21364786
10387508
2654261
10682428
11075647
98368
74
655442
15663187
5636184
1048665
19660893
2490462
4784230
19693671
1638505
9109613
14483567
19398774
98428
98430
1048705
1769603
884867
2031752
17957003
17957004
6750354
2326683
2424996
7143591
16056489
17727663
852143
7110836
1966262
1966263
4456641
21823682
19169483
17662157
20054230
14450903
14450904
8126683
14549213
10682592
17662180
1966310
1966311
2883828
5832949
131318
3277049
16351484
19136768
2031877
3473669
18284810
18284811
18284812
19267854
19267855
19267856
13435154
14024978
18153746
3408151
12747045
12747046
23429413
14090536
18383144
5505322
1769771
9240872
2687277
2687278
22544688
3768628
22708533
3768629
5505334
5505335
5505336
18809148
5472575
11075914
6226250
12255573
13631832
13631834
14483804
16875869
5112157
590175
6226270
786781
786782
10584420
10584421
3637605
4620646
4620648
20185463
21889400
4981115
13762940
21201276
12583301
3670410
19825038
229795
1442217
7209394
22479286
11796920
21955002
14877116
623042
11403723
20414923
10715600
10715601
14778832
11370967
19759580
6947295
22807014
14975464
16646632
21561833
14254575
17662458
14778878
10846725
21004812
10846738
10846739
19235346
19366418
16351775
16351776
8815137
3998244
8258096
16908849
3801655
17334846
17334847
13828673
14647876
17793612
10912333
12747342
10912335
10912336
10912339
10912340
16810590
1737312
12157537
1737313
3375714
3375715
3375716
3375718
4948580
3375720
3375722
3375723
18973292
3375724
18973294
18973298
18973299
3867253
5767800
8979065
20644476
10453631
11731587
6128265
6881934
10158738
4784786
10158740
10158741
10158742
6095507
12649112
10093209
13927065
20611739
661
950938
557726
9962135
557732
557734
14484136
4588203
7635628
18809524
11961013
23036596
9929396
5735102
9568958
10126016
5636800
1639107
19038915
8389315
426705
15106774
19235547
19235548
19235549
19235550
19235551
19235552
19235553
19235554
131811
20153060
4293344
18645749
14058237
21496577
21496578
19006212
4424457
492307
492308
5243677
14287646
361255
4260650
1704751
5505848
1508161
1508162
1508163
1508164
7209802
20841292
21234510
21234511
12682066
22643538
9110357
14091098
2982747
22545244
6914912
13075308
13075309
11305839
11305840
11305841
4195183
689011
3670918
14058408
21332940
15958994
6357972
2687958
8389591
2753498
11371486
9176030
459745
17826787
11371499
15696896
7504901
2819081
16548896
19498017
9339937
18121763
18121766
21693488
33845
4686922
492619
17335375
17761371
17761372
951388
23069799
9077865
5244019
5244020
14713973
3703925
8062076
8062077
14713986
4162691
4162692
14419083
13862028
17499276
23659664
1115284
4981909
16942233
14746783
20939940
4818089
4818090
18744498
19203250
19203251
3409084
885948
1180865
5145801
1180878
17728719
2557142
8651990
16549081
17171676
17171677
17171678
17171680
13206754
17597668
21923044
17597670
20251886
6980854
3474688
12879112
2721034
12879117
2721037
2721038
11568400
22742292
20481301
7767320
2819354
11339042
5834020
2852141
2426161
11830587
13337915
23004478
21529921
14386499
9733447
7046481
1362
1363
15402323
11404629
23299412
9405784
16287068
8258909
7406942
18810216
23299439
4719992
18515326
21431679
21431680
12420484
1443205
21824901
23496079
23496080
4392337
9766291
5375381
18548122
7407008
18253220
18253221
8848809
2688428
18417069
16287151
14288306
8521141
2459067
11929030
132551
132552
7275980
10192340
10192341
17499607
18318816
361953
14353890
13534692
7996909
14616047
17270255
18875887
21792245
6260216
6456825
20514301
18220543
20514304
22447616
755203
22054404
4228617
16713229
689689
6784542
13665830
9209383
21169707
7898667
18613811
19498550
1508930
23004741
10520135
7407182
9766481
3704402
21366357
14878300
15500892
4458076
16385631
20612707
22382181
22808166
20383335
15828584
9307757
11896430
18613870
6096495
12977779
1902197
16975479
16975480
21857917
17827456
20383360
10421893
820872
23594635
5080720
15861394
5080723
6489747
7177879
19662493
22939296
3573409
13862568
2033320
820905
657072
20514481
2459317
4982455
17630905
17630906
1279675
17630907
17630908
17630909
17630910
3573436
11404999
427727
19760848
952021
12289756
7636710
20023016
18384625
18384626
4130551
5506807
5506808
8980221
16353023
6751999
11142914
18974466
15894276
11634448
16123665
5998352
1115931
21956399
23004976
6948655
1050422
19138361
13600574
6686537
7276377
1312612
10880872
624490
10880875
9176940
23299951
6457199
7309170
5343103
14878593
1410953
13207434
7047049
13207436
13207437
13207438
13207439
13961100
14878607
22382481
3803022
3803023
3803024
16058262
3803030
6031248
21399450
6883227
5048220
16582557
23201697
14288802
2066343
22284204
952242
21825462
22415294
8751038
3934146
5113796
8292297
12847055
14944207
4982745
6850521
821218
12027885
6785009
6424563
9668598
15599609
17467385
15599611
15599613
886783
22611968
3672078
21760015
7505934
17729553
17729554
5933078
12716055
5933080
21694489
5933082
4491298
14157859
1706023
5441579
9996334
12257332
23595064
13994043
2885691
1771590
17958985
11733067
19826765
11044947
460892
19925085
20514913
15796324
22480999
16549992
19794025
16549995
11962480
3410039
1607805
1607806
1607807
18778239
1607809
1607810
3180675
1607812
8423555
14157964
20514960
19695763
4032668
19597469
7669917
18385066
460972
14190765
16353456
20777139
10422459
9046204
4262083
8292552
19040459
16353490
18811090
10750170
8620255
19532000
7276772
9275622
7670003
6326517
854262
10062074
10062076
10062077
10062078
16779518
3672328
22448399
3377427
5638421
8587541
11798810
12454178
12454179
12454182
264493
20187440
4753713
16845107
22677813
23398709
23398710
10848568
3180857
9210167
9210168
20547900
9046354
2591064
8227164
6424937
11143530
17467777
657801
11012490
14911883
20056462
5540239
2450
16419225
18516388
9013668
20089257
20089258
17533362
22841782
100791
22841783
4753846
21531069
854475
6359501
14846414
9952202
3541458
3541461
10717656
20580825
3246556
2329054
16288225
5442020
21498342
19728871
14518760
330216
11799025
19204595
2525684
7014900
5048822
8587767
6556152
1214974
1214975
7604737
9996802
9439748
854534
16288270
2198030
166421
23530036
18942517
18942518
18942519
22022715
13666876
16386620
18942525
18778697
23398987
12913232
12618322
19565149
19565151
19565152
19565153
15796840
20548201
1313409
23267978
17435276
22186637
23169676
494226
10521243
14322332
4623012
4623013
1477292
7309996
7408304
14289588
4491957
17337015
8063675
10193598
13863615
2525895
2525897
527051
17074899
22743765
592597
592607
2329317
22022886
22088424
14093043
14093044
14093045
14879478
2099971
2099972
789253
5671690
8489742
15076112
11995931
16583451
10586916
18221863
19335986
11930427
461629
297790
691010
10685269
14617443
14617444
7474020
4262766
1772401
5704569
5442427
9636735
4721547
17337238
17402775
4787102
5770148
2362300
6622146
16550855
1477578
18254797
8883151
8883153
8883154
4852691
20515802
789472
2067426
5671908
19074021
12782570
14650348
14650349
10816494
14650350
14650352
18287600
7998444
14650355
7998445
265214
20548610
15698947
13339653
20122631
17468430
13241363
19172377
19172383
23071780
12127276
691247
19401776
14191679
396354
4787269
2362445
19434583
35934
5049453
10095726
20286589
15895682
9342083
330896
15797402
22776987
4525216
4557988
5606566
16157869
4361391
330930
822452
16714944
1543361
1543362
20221124
13667527
13044936
21204167
2198730
2788555
10095821
5246170
8195292
4164833
756962
12881123
11504871
11373801
6491370
15535344
16190704
3050742
18451704
19500285
10095870
20024580
15338765
16944401
19467540
23268628
21073175
21302551
19205402
19467546
10816804
20024612
10718506
13405484
17239344
22842673
22842674
13569337
8490297
10816827
12586306
1477955
7343430
20352327
11078985
5147985
2067794
658771
18648407
888155
7802218
19795307
22416749
8162671
9440627
10489209
19434890
19434892
10194322
13536658
14257554
13929879
22613399
1215899
22580642
12586404
13569444
23563688
23563689
13307307
101811
13536693
3214783
7704001
18451906
7704003
7704004
19172809
5869013
3575255
7015918
2461168
12389873
2461169
12979701
6753786
658946
16518661
17927694
14618136
16092702
17337889
15896098
15896100
7540262
9801258
3608108
2723378
12815923
5148212
1969721
11275834
11701818
12553787
1969722
20188734
3345991
691789
10161744
23498321
3673682
12488277
6032985
3935836
8064604
18845280
18845281
16485992
13012591
13438575
13438576
11603577
14945924
10817170
659091
7736983
16223920
16223923
8588992
11046598
8490710
16289496
8425181
15306466
15503077
921317
9834214
13111022
15568623
17534703
21270256
19042037
9834229
22875895
19926790
13930252
7606030
16224017
16224018
23465746
19631892
23400216
23400221
23400223
3673887
5017376
20254498
5017377
200484
5017378
5410594
823074
11865905
11865906
5705521
9113394
7507773
5017412
10555214
18779982
13930320
2297679
18288467
18288470
19926877
8359774
8359775
12914531
14651235
3739492
21925739
21925741
10784622
8523633
659316
3903350
22810500
8523656
11341711
23596949
364438
17076120
2527129
3542936
3542937
6918042
7245722
9506722
14847921
6098865
21139380
13799349
397240
16912326
16879559
16879560
1118153
5836744
17633231
20680657
15634388
19697621
2330583
22319064
15634393
5935063
20189149
22712288
6066145
3772396
23564275
1642489
20189177
2559993
36860
13602813
888827
7409664
18976769
18976770
12226563
12980227
18976771
17076233
11997195
14651403
16650253
20418573
5607440
19861526
19861527
19861528
21860376
13733915
13733916
2396188
2396189
2396191
2396193
2396194
21827619
19894310
19894311
7606314
12062763
2199598
2199604
2396214
13275192
7409728
18845763
1708100
13176901
4591683
4591684
15372362
18681935
10391639
12816475
12783713
14356579
17829989
7114853
6492265
9965674
9965675
1314931
7082101
21958776
22057083
12980352
594052
23531657
23531658
2494612
21368981
21368982
21368983
14717089
233637
21106860
17141933
37044
15241397
21565624
20287675
12783807
14782656
1577151
1577152
6951110
10391753
5312720
11374801
13209824
1347808
12390626
21172450
6361318
299251
20091126
3608828
7999742
12914949
17273098
19206412
9769234
10195219
5378327
18583832
18616606
6983973
2232617
2232618
2232619
2887981
15143217
12980532
3346748
13766979
430406
6558022
10293577
266571
12128591
18157910
9802073
7377245
5280094
23531897
23531898
5869954
22024581
1413512
8786313
7901579
22122895
14324112
12194196
7901588
2265495
12816795
4166046
14193056
14193057
14193058
7999926
23597499
4886971
21139907
18878916
692680
17568209
15700438
15700439
15700440
15700441
11604443
18354652
5247455
18616801
3838437
21369319
12718571
17371628
8196591
5706224
22843896
9245183
692738
14389765
7574033
7574034
15503892
21008917
17207832
987675
2593325
13013560
13046328
6230587
16519742
15471169
5444166
5444168
8983114
8983115
1643091
1643092
17306198
7344728
11145818
12096098
16388707
16388708
18420334
11113074
3445364
5837430
1741432
234104
10752643
15700614
18354823
15831694
23270032
21664404
21664406
17175191
17175192
10359449
17175193
21664407
8917658
13832862
168607
8917665
299684
889519
5870262
7541432
10228411
11506365
22254269
22254271
10195648
13210305
9540291
1675976
7672521
20779727
3314387
8164056
6296285
19469022
2069219
8688357
22287078
14488295
1676011
266990
15340278
15536899
922376
2691849
16061197
16061198
2691855
15405846
21566235
6066972
5706528
1544996
4461350
20091690
18060082
18060085
14619453
17044285
22221629
1446728
14291788
10425169
11670354
10916692
332635
23630686
15766371
17470307
11015015
922476
16192368
23532405
430971
2495361
18781063
3806087
1676170
14291851
18420618
21959565
21959566
22221713
9081749
6198171
21369761
20517803
21205956
5673928
13439950
20485072
15209427
22844377
13997019
19731419
8983517
14423006
725986
19141603
17830886
14849002
17994731
12358637
19403758
11998193
11998194
17404914
23335922
398328
5313536
15537156
6886408
16847882
8197131
16946193
5084177
20059162
17896475
4494367
6853664
13669409
13669410
4723745
6853665
6853666
5510183
12915753
22516784
3675186
14914613
15373370
11965514
23106635
23467091
23467092
13309014
1971286
922716
20190303
1741919
20190305
20386915
18748516
267366
10785895
10785896
22975594
21075055
8000624
20681842
20681843
20681844
20681845
22975613
13472899
13964423
1152136
23041161
22942858
23041162
23041163
23041164
8787101
10949790
8787103
6788258
103593
16094377
12883117
5903539
19403960
4854974
431295
4068544
4854975
11277510
18027718
18519246
18519247
18519248
20944080
20944081
3609806
4822222
5772506
8688865
529639
9540845
169201
4232438
7542014
7542015
562437
10654982
4461832
17569036
19436818
9835797
9835798
10294554
5936410
15078689
10622245
14390569
14390570
4789548
4003117
9704751
17044784
333109
3740984
2626874
23041340
16454974
3806532
15603013
21370186
12883277
13964622
23008590
8328527
2561363
11572565
17208661
14456151
14456152
10392922
3872093
7869789
12555621
12260713
17241450
300397
17339760
4593011
4593012
202102
11277690
693631
693636
21566853
16749958
3708296
19993993
9901451
20026764
693644
22418839
5084569
12490144
8361376
8361377
12490148
22222255
22222259
3904948
14652853
5543349
398778
4298180
5707204
5707205
9016775
14783945
3184073
14783950
22320591
22320592
2102737
2659798
14882263
2659799
38361
18322909
7902686
9049566
9049568
9049569
9835999
7902692
13243880
19338729
7902699
15767021
1906172
2168322
23041538
10524166
16422406
9639432
1447440
11048469
11048470
18748953
21009956
19240485
21009957
10589735
23107112
23107114
16389677
15472181
18880056
14194234
18880060
18880061
18880062
9737790
529986
18880071
11834952
12097099
12097100
10819149
18454092
13506128
18028121
7902811
10688093
11343453
19076701
16553581
16553582
16389745
17143411
333433
8754809
8132219
15799935
8558207
17831556
2463366
7214727
13604491
169612
9901709
5772945
15767189
726690
3577507
3282600
4921001
956075
20059827
20059828
8951478
16520895
988878
15734479
431827
10426070
10295000
4462296
11540200
235245
497400
9705209
1611515
23402237
23402240
23402244
857860
23598855
23402248
7149321
11507466
9836308
14259991
16095007
2168607
2168608
2168610
10753830
7313198
13637424
4855600
6625074
3217210
2955074
8558409
4265803
1218380
4265804
21337941
661335
8230744
3053403
20682588
6166363
9869150
7116654
11081583
18454388
5674869
22255481
23205763
8329093
13834118
2791310
22026127
16619409
1251219
9050003
22484885
6068118
726934
15144864
1677217
19044260
8296360
4396970
16324555
10721229
21960653
22517711
10721234
17340376
432090
7464991
22550493
10131427
7464993
9312243
15570948
7149578
4397068
17930256
17930257
170006
14227490
22026286
5609518
3577905
3577906
16226357
19667000
20584513
14293059
3151940
792644
19142736
19142737
628819
12523607
3905626
17635420
19109981
22288476
11933797
11704429
20125816
22321272
12851326
16324741
16619660
23206029
16586894
727183
22911141
23337132
3709102
18782385
19044529
19044530
19044531
19044532
19536053
1349815
14227643
11081922
21764292
923861
22190302
6297832
2169065
20519147
2398448
12687609
17275141
10852631
6756635
4921631
4921632
4921634
4364579
19994918
11049257
760116
12261686
1775942
8001867
11245902
2234704
3316053
20519261
6134110
6330721
6396264
72041
8788331
1939820
17373549
5609837
11213172
14555517
14555518
14915965
137600
17832320
7051649
924033
5675396
5675397
5675398
727437
20453777
8788371
12097948
12065181
15669668
21436838
5872038
10000832
13015489
530882
432599
21273051
21273052
21273053
21273054
1907167
21273055
21273056
21273057
21273058
21273059
21273060
3447266
924129
21010945
19569154
3086853
268806
15964688
14096915
15571479
3578392
10361370
15702555
4758044
793122
5380644
5380645
5380646
18192940
6036012
1677874
1677875
137780
1677876
3512882
12229175
16030263
18356796
6920765
10656323
11475527
9738825
12786252
1415765
15571541
15571542
19634773
4725344
15768167
19307120
19307121
19307122
1874550
19602043
14686855
19274388
2857623
2890392
891550
2103971
22977189
4889264
8624822
4889271
8690362
20585148
13212350
23403205
22223563
13703886
465616
4889303
19897048
12524253
11279071
12524256
19045087
8428267
301804
22682349
12393199
14555892
3087100
17996547
14129929
7346958
7215887
662295
6937
19340058
14785308
19340061
11377441
18488106
793386
18488108
16522034
17111859
21601084
7805762
8330057
23370570
8330064
8330065
4168534
793434
2530139
6298465
20192098
1022820
105319
4791144
14588787
9542519
9542520
10754938
15506300
23370620
10361726
10361727
23370621
23370628
15047558
8559503
11312019
11312020
400275
11312022
8166293
9935769
2890655
20749219
433062
5053350
5348266
17996717
11082670
15145907
16292791
2431931
17341373
19438539
3939278
6233042
23370708
3021780
12524506
15178715
22249465
564191
13966304
859105
564199
6527977
531434
23010293
18390011
15637504
596993
3054600
10329098
8559629
8559637
859157
11541529
12721184
12721185
7380001
793635
2235431
16063533
5610546
17079357
16063556
17439818
5676111
9837647
10067028
5545050
4660318
21044331
40044
7052397
10689659
6102140
22420606
13048961
13048962
13048963
16227459
2464907
597134
14982287
14883984
21994644
7904404
1416342
367770
367771
4594844
2628771
22879400
14752945
5774521
17472701
17833152
17833153
8625346
8625347
5414088
8854731
11050195
16915670
9837783
22879451
15113437
2825450
13901037
16981230
16981231
13999345
22224116
23633147
20880642
15703302
4955403
3874060
662799
8330518
2530584
1416475
14884125
20815136
19471650
19471651
19602723
19602724
15211815
8068393
204078
4398382
12197169
16817461
1023289
15113543
13376846
18193745
22617428
20913493
23141718
21110104
9477468
12754270
4824415
20094305
21667170
22289763
8297825
8297826
22125927
19144041
4988270
20258159
8166767
18029937
21044594
20028789
1023350
20028790
335223
5086587
7118204
10460548
17341833
18292115
73110
12819863
4005293
4201902
6430125
302513
6790585
20979133
16588230
16850375
16850376
7577030
8003021
5807569
13540821
9706966
12197340
12197342
3841509
13868519
12328424
6299111
7667
1908212
11738613
19340788
20389366
695811
14687760
19963410
13344290
4431397
20684330
14196271
14196272
8953394
2399802
16948799
16948800
18423360
859719
18030152
12754505
1023562
18488919
19603031
6856298
9543279
4267635
9543284
21438069
21438070
6856319
2432640
6856320
11902597
3022474
12066447
6659731
12820117
15376025
6987428
3743400
4464301
15605423
7380658
4071091
10231476
4071092
17374904
17374912
13541067
892621
1089238
8167130
14556892
19930844
21929693
7511780
16031464
302826
7839474
22552318
6397699
20586254
10690321
18161428
11149084
5938972
6692644
6692645
21995302
597799
9510692
6037295
6037296
23338802
6037299
23338804
21733173
23338805
23338807
2858807
630584
20029245
3809086
3809087
19799875
11968328
9183056
302936
16752473
16752474
7905116
19963744
4562786
17014629
17407851
8232814
12787570
728949
4497273
6987642
5021563
20979580
21405565
6168445
9871231
630656
3710850
5021571
5021577
5414796
3252116
17899418
22486940
22486941
12689310
17637279
9510815
9838495
20651942
18194344
16129965
3514286
8265645
17538992
237493
73657
16621498
16621499
16719805
16621503
16654272
14032835
5808067
3088336
2465747
7020500
4628439
20455386
20717530
20717531
11771875
303078
6954984
20881388
4562924
5021676
4726770
3153908
22487030
12034046
22290442
7118860
16031757
16064530
9150482
17539094
22421536
9871401
17014842
4792385
9805889
7839811
10264652
9805906
12853333
2105429
22093912
5775448
13344859
7512156
21799005
15605856
106595
2269290
20815980
10395759
1613935
14688370
8200307
4923514
106625
21733505
23535752
4235407
17670291
7872659
7872660
7872661
2433175
7872662
7872663
7872667
7872668
15507613
10690728
7545001
7545002
13574318
14164143
23666867
2760895
18358467
2498760
16654538
10789070
8167634
10330323
10330324
11444436
15016151
15016152
18850012
15999201
303331
7119080
23273706
991473
8364276
19276021
16163062
19276022
20586748
827646
1188100
13213956
20291847
20291848
18030859
18456843
401685
1122585
10264859
10264860
23666973
12394789
9806128
11673906
11673907
16687411
2105651
11673911
12394809
1188160
20652369
9806167
18424153
12493156
6693221
15409512
14918000
19898737
7938416
7315828
12198266
22913402
20619644
9347451
9150851
8135072
17408417
860578
14819747
18096549
172460
12296632
12296633
6988216
6988217
10494402
5808579
9413061
3318214
9413074
598483
10658266
18784731
8069594
15376869
18489831
18489832
22323688
19800554
23241192
23241193
23241194
2499053
2499054
15376881
14885369
17965562
8364547
3809797
17965575
4530695
8364554
3613198
4301327
13312539
11346465
21013026
23634465
14557732
21996068
11018792
11018793
4301353
18457132
14950969
20587078
18326088
20685385
10265164
22880847
19145296
3121748
467550
238176
8430178
20849254
20619879
5644911
19604083
8921716
14688886
16589432
22258300
4825731
5186187
8921742
6595223
6595224
15311521
15311522
15311523
4629154
16556715
16556716
16556717
21045932
860848
5907126
19210936
13247161
11117247
41672
6759112
9970377
9118411
7545549
9741008
21930706
14590676
3908311
16098010
21930714
21930715
13279965
22422244
13279978
12428011
12428012
12428013
22225661
19178250
22323983
3449615
21111569
19178258
3449616
3253024
16360226
3253027
18785060
3253028
23241520
12264241
12264242
13017908
20292404
17638222
9511759
11314000
631632
17638226
861011
3023702
11314012
13247325
11608926
14787421
10625892
5677926
11346792
4760427
10330989
11314030
1024884
2401142
5645175
1123199
17212288
1123203
14230405
7480197
11477906
20423573
369572
22717352
22717356
17114030
22717359
8266672
6890417
9905081
14164924
762814
8496070
8856524
14820302
598994
3253205
10298327
20128728
2827226
9872346
14328796
16294877
11903969
16458721
2532321
2532322
3187685
15737835
15737836
15737837
11183087
12067823
16851953
16851954
16851955
16851956
17114096
19538929
20194293
18129915
20816895
20947969
9217
7087108
10363910
12985350
1516551
19014667
20751378
4989975
2827291
15639580
5317659
9806878
18588704
14689323
18293811
1975347
11904056
5055545
8561723
8561726
21931071
7119938
8561731
8561732
8561735
14033995
18490448
8561747
21374041
15705183
7414887
12330089
19309675
21505138
21505139
16000121
12985466
15410299
14263421
9872510
21308543
435331
13902980
13902981
5252227
6399107
5317769
13935756
9938081
4629671
13771944
4629672
17671343
369844
3843254
19604667
7283902
22619332
16164037
14132422
14132423
21144775
5842117
9348293
20325581
8365268
12297431
3286240
8594656
11838691
21996772
664803
8070379
12821749
22717685
21177597
17573144
8070429
1811742
14624031
1811744
1811746
1811748
12690725
14820646
1811750
6333737
15607084
5350703
12068151
21374275
10986823
10986824
12232011
9479502
16491858
6464850
9563
16885088
3319146
17573230
21079416
10298747
9479564
21570957
5907854
22259087
6989198
22259089
19309971
21570965
2467221
337322
9446836
11969981
18752957
4531653
4531654
18458055
8725960
17835466
2467280
21636561
22652369
22554072
15115748
4629990
22160879
17638898
23668213
5875193
3220986
5875194
10266116
19080710
7087624
15017482
16164368
13510171
17147420
17212962
566820
19080745
8267306
8988204
9152056
2401851
206397
5678658
140870
14067271
16623181
8988243
8988251
11970147
17999460
763493
5777002
5777003
5777004
16721518
17999474
21407347
17409656
3745402
17180286
20063872
14001795
1189509
17245830
20784778
19113613
12396176
8201873
16885395
20784790
15607448
2107034
698010
206497
5482150
13772485
13772486
3516106
17999563
17999564
12887758
21898978
14132965
3942117
6596328
6432491
1156851
1156852
11904774
2238217
2238218
16557837
1156882
15968019
3352339
3352340
3352341
3352342
370458
14624541
19703581
19867423
18032425
18097962
5318443
22685484
21014321
21014323
21014324
14395189
21014326
978930
12101435
21538619
22095676
22095678
763710
21276480
19670855
7219016
12887881
16820041
665420
1124190
10692452
12461924
8660836
5744493
19310447
7350139
19670916
22554509
16099225
14231450
16951197
16951198
16951199
18196382
21571495
2860973
10168255
10135488
16984004
17475530
8693707
13871052
18327511
20916189
8071138
272355
14297060
8562659
21800940
4892654
2009072
22358005
14231545
3975166
21735428
1910796
21833742
567313
23537682
23537684
20654105
1812522
8005681
272444
20326462
13969472
8693826
19474501
7809093
22128712
3024970
8300620
3024973
3024977
3024978
3024980
3024981
3024983
3024984
3024985
3024986
3024987
3024988
3024989
3024990
3024992
3024993
7317602
4794470
16590954
20490347
12822637
8693874
20359284
9218164
4204663
15804547
16328840
17377418
12757148
16165021
18065572
18065573
17901734
6301863
7645348
17901739
18229421
22423727
7088303
11511985
7088306
3647667
567476
764085
1616055
4860089
2533570
23439557
22489287
7743689
534739
8235223
338138
19900641
7842021
2336999
4761833
2009328
3287281
3287282
5613811
960757
960758
10332410
4139266
7252230
20588811
9840907
14297380
370982
20523308
108845
7678253
993589
11872567
20130103
20162871
23537979
6957384
15051083
14166352
1026385
6793553
1026390
1026391
16001374
10463583
5744992
4237668
5450104
20851065
665978
20654481
9251223
16460184
3778979
3778980
17050025
20228526
15706546
23079352
8759736
13183435
13642189
17934800
272850
3156435
22456788
19442138
12462567
272875
4762101
2664954
6597125
19147275
6597132
11020815
19147279
19147281
11020818
4303376
7776792
9415194
13806107
19147293
19147296
19147297
19147300
19147301
7449124
8898759
18426418
13576758
13576759
23243320
15018553
5810755
1485383
1485384
1485385
3156557
12724823
7187035
15936092
7187036
10851
9054825
10824317
8956542
76427
12724876
19344016
19999376
22456976
16034464
20228769
15510198
18524854
19606201
8694459
13281981
8694461
14887616
18492101
18492103
9480908
18623182
18623183
12593872
19016407
10922718
305886
18688737
8301284
13642472
16755434
11807467
15805163
15805164
15903468
20884203
18098931
22326008
15346427
19868415
3287812
6171405
6171406
11840277
10332951
6171420
22915885
11021107
12528437
12528438
22948678
7908169
21277519
14166864
19409751
17083224
19409756
14166878
14134127
5680000
22031237
5843848
13904781
18099086
20491150
16755605
3189657
8006559
338852
21113767
23407527
8661929
1944490
21212076
76718
1977263
21605296
961457
1190846
1551297
14658498
17116110
17116111
17116113
17116115
6302678
17116122
17116123
5483488
5483489
6040545
12626917
12626918
12626919
12626920
21998571
1944560
14429171
15707123
23047155
23047157
3517430
4238332
2468861
5221377
9120775
3746824
19934218
12561424
5942289
2305051
5123107
8596528
18820147
18820148
11971638
22424633
18099260
9481276
9743428
7908426
4336715
5876813
8596559
22948959
21900384
17804386
1551466
20425837
10005623
10005624
1092728
4697213
4697215
3058818
3058819
797828
14167175
14167176
3353742
765071
470160
7384218
4598940
7384220
20425886
10005674
16166059
765103
8793266
17575095
17575096
3386551
22752444
19442877
18164929
13216961
17542340
17542341
9907405
19180753
11513043
6368468
1977562
2632928
12135654
11840745
19344618
7351534
14232817
19180786
7286004
7286006
7286007
5811449
19868933
10398987
10398988
17673488
9186576
4140309
12791062
4140310
9186582
896284
4959517
4369694
15609120
19803426
12561704
16002345
16002347
14789933
17083702
17083703
7875897
13643066
6368581
699718
699719
16002376
20426057
21933390
12102996
21343573
14757208
14757209
339301
8924519
10104168
5090669
11611503
11939185
896372
10005879
1322369
339340
12332433
14560668
9088422
9088423
16199085
601526
4042184
372172
5877197
16788944
13610451
9547223
12004824
9350616
9547224
9547226
9547227
9547228
17608158
9547229
16788962
1977837
17444336
21868018
14691829
15674873
7843322
10628604
11546108
667135
20753922
9678341
5189131
8597004
6172173
8990219
8990222
21999120
13020691
2633237
2633238
11513369
4468255
13741605
8236587
3616301
10169905
2731569
536114
11710005
2141749
18427451
19279420
339517
4599372
15609432
15609433
7122523
12955229
6729311
16625249
6925921
7482978
5287527
7220840
9449064
5713525
15347323
437883
8400507
732800
142977
3223173
241286
21540492
3452556
21540494
10006171
20655772
2829981
20655774
536222
12660384
12660385
175778
20655776
20655777
4533931
15478448
3419825
1158840
1158841
1158842
1158843
13348537
18034360
7089854
896701
11939522
5910211
18034373
18034376
23113416
23113417
569033
5746377
23113421
18034383
9219797
9219798
8400605
22884065
8793825
8793826
11677415
10759917
274159
10432256
10432257
10432260
22621958
16232202
9613072
5746450
5746452
5746453
44823
14855960
15347483
21770019
15675187
601908
4599608
14757689
14757691
6008635
19935037
19836734
19738435
16002886
16002887
438086
6893385
2469707
3026763
3026764
3026765
6926155
1126225
19378010
21016411
18263904
19541856
15445861
14397289
19935081
4501356
14954350
21016435
20983672
23179136
11153282
22654851
22556550
22556551
19246986
20426634
15904654
20492176
6270867
6270868
44949
10891166
10923940
18395048
9088945
569269
9383862
19050432
3059648
19279820
22556622
3616724
22261730
864227
20885480
19869683
4894708
21704695
15904772
14856221
20852768
536614
10596393
2109483
13283373
16298029
6008880
23310397
23310398
13447231
23310399
21442625
13152325
1257543
17805384
8269895
8269896
14692427
17576014
17576016
15183953
18133080
6533214
340064
733283
8335460
8335461
10301544
16822376
16822377
16822378
7614574
7942254
22327409
2732151
6959224
635006
15708288
12267657
5419145
8106130
10006681
4272289
4960417
4960419
4960420
831649
831650
18722984
18690219
13480108
9777355
16658637
21704918
13086935
13086936
5091542
8859873
14495973
22950121
5976298
22950123
22950125
10531054
1421557
1421558
18657526
8138998
13644040
4501770
23277837
15905041
3584277
12759328
12579
1913136
7975225
6795580
12595519
17477951
17477953
4567361
11514180
17477957
7254343
11219274
11645260
6992204
23048529
9580883
19050843
20623709
20623710
4796776
19247466
5976426
21967215
13414771
20164979
10236283
10236284
10236285
438652
6205829
8696200
8794510
14823836
2240926
2240927
17314208
11645345
5845421
14168494
2306483
14430650
16167361
12104132
19476935
6304204
20492749
8401358
111060
18133461
3551701
569812
7811546
7811549
10432997
11907560
17347053
3584508
11776522
6271502
7680527
8172052
2503193
2273819
21803552
2241061
471591
17543732
10072636
16495170
17871426
17871427
12694085
8335943
8335944
78410
22622804
4436565
13644374
13644375
3224152
3387990
20394588
20492893
9024096
17052257
18559586
23376481
3945057
21181029
16200294
701029
11481709
6304366
6304370
6304371
15479412
15577716
6304372
6304373
22426232
17117841
7844497
22131351
406170
16593572
12202663
17150641
17150642
6861489
13284020
6009527
8204995
13873860
8204996
373447
22098632
10760907
17773263
1618640
10793696
832234
18723564
11088622
18723566
8205040
5026545
11088628
10728185
471804
20493053
6697724
8827646
8827647
2994947
2994948
20329236
3257108
3945236
18101018
19739421
9450274
9450275
15741733
12759854
20886320
10728243
8500021
7713594
1717055
21836608
6992704
4404036
11940679
832329
16069454
16069456
19477334
10957655
12202844
4928349
4928350
5813085
8434526
10793825
4961125
4961126
4961130
4961134
4961136
4961139
5518199
12039034
12039035
12039036
17347450
17347452
14037891
9909126
12923790
8139665
18985881
23016349
5616545
10793895
6501291
21246898
14267319
4502456
6403005
15774654
17019839
17019840
472008
4764618
14758866
5157858
13546467
16954340
19641319
19641321
15512556
668660
8107001
20591617
11121668
4240389
5977092
5977093
5977094
3683344
9319440
4928531
12530708
21214234
15873054
341023
373792
701471
15741989
3978284
14988339
19870772
9385030
20231243
4076620
4207693
46158
13481042
4076627
4076629
210006
20296791
20296792
22197335
21181542
8172652
22197364
11875445
78966
2602105
22492282
2602107
1684606
3585152
14464131
14267524
14267525
13120648
11941001
7910536
2897046
15742104
22066329
4895903
14038176
13874343
3749038
668846
19936443
8565955
17806538
13776078
17511631
22262998
18396375
1258712
5321947
12465375
15709410
15709411
7320804
10826994
19182834
505090
20886787
23541000
23541001
5977352
9581835
22033685
11318551
21902615
5846297
1881370
5551392
5551393
242983
19608872
21280043
19608876
21837100
23246123
2831663
9680172
16921914
11154758
3880284
636262
2241900
341358
2962800
3126645
18134394
14038399
8893824
144769
8893829
5682569
8664460
8664461
11711888
7681426
14497172
1848738
308643
4404642
9516458
13940142
2012592
9549237
3945916
5879230
20428223
6993344
10171842
10466758
13612487
22689223
11843018
15971793
15971794
6829523
10106324
23147989
10073558
23147990
6829524
9647574
9647576
800221
10270175
10499553
1586662
12727792
6305269
7615994
79355
8041989
22328842
22328843
22328844
22328845
2176527
22328847
22328848
22328849
17905171
22328850
8009241
3126811
14759460
9778726
20493867
19576367
19576368
6436400
15185464
11449915
19707472
19576401
13908
16397911
23672408
9221721
14956125
2930278
16529002
13121131
2766456
11810425
13842042
4830845
4830846
19347071
4830847
4830848
4830849
2832003
13940356
4830850
4830851
15480455
18560649
20919947
3946138
210587
13711009
5224098
9385633
21608109
2373293
1455792
276152
16201403
2111163
15972030
23574216
20100809
20592334
20100822
5125847
19674840
5125848
8894166
18724574
14923488
22165218
12728035
18036453
18822890
18036460
5551857
1160946
20920051
20002564
17577733
12138255
19019536
14661394
3520277
10598170
6403868
14333733
18790182
636711
16725803
6403884
145197
11482931
10893111
9221947
11450174
13514558
10368839
7386971
11548510
11548511
1357662
16987999
19478367
21247844
1849189
11646823
2504551
112491
18921331
20559733
20559734
20559735
23213941
4798330
4798331
4798332
8370046
9713536
1718146
17217414
4798352
10598290
12728214
12760982
16398232
7550876
7419810
8075170
10565544
14137256
19117993
7976872
18397102
13383602
4470706
7518133
7288760
12236729
22525884
16005062
21870536
21870537
16005064
16005066
12859344
14956500
21575638
19445719
21575639
9353181
9353182
22231008
7911395
1914865
6764531
20068372
20068373
4700182
22198322
18298936
18298937
18298938
20232250
6535232
11941957
2963526
11941960
1292366
2078803
6273110
6273111
10106969
2275418
2668634
5159006
12171364
18790501
22919268
10041453
12269678
19740782
211061
833655
19380360
22821011
6240406
15382679
15382680
23115934
21674149
10303667
11319479
11319480
2341054
15153344
22427840
23574720
23574721
2046158
14956753
2046165
4471000
4471001
4569312
4569313
22755555
4208869
604392
47337
13351146
8665321
8665322
8665323
7157998
14924022
17742073
7911674
6371580
6371582
6371585
6371589
7911686
6371592
6371595
20855053
6371599
19446033
6371601
6371603
19446036
6371605
6371607
6371609
7682331
6371612
1423646
15087907
23247146
22690093
21182766
17938737
17447221
2668853
670011
1718589
2668863
8862015
13351233
13547845
15645004
833870
18954577
12499284
1784150
6043997
6568286
7321949
22919520
1685861
10205542
20691303
11188584
11188585
964970
7158123
22395244
6830445
21182830
3193200
4471154
5683576
8468859
5257598
932224
932225
10828162
4209026
637320
20789642
7518607
7518608
19544469
9746855
6961579
4962734
12106167
10566073
14563781
7125457
16038356
20953556
13351384
4045277
15710690
768490
10107377
6044146
20134388
2439668
2603514
80378
6633988
834053
23149062
14432775
2177544
8567304
3160590
17119759
11090448
11090449
17119760
11090451
506382
5257755
9517598
2964000
10369570
3422759
14727720
1849897
3488296
8665649
21150258
539195
16333373
20953665
12499532
7682647
7682648
22854233
10140251
375390
5519971
14629479
14629480
801395
8403573
19544698
2996859
10140299
19774092
20789900
47756
13122191
23050895
13122193
1686163
3291802
11647643
10467996
13122204
20331164
10173088
9550506
17644206
20265649
6929083
12270268
13974204
22035132
9059012
473797
9714373
20822727
4602568
9878215
8075978
8075979
8075980
8075981
20200144
8043217
22919892
15743707
17545948
6863593
14138097
13744886
19380982
22821632
4766465
13843203
20462345
22264586
16005909
8731413
12335897
3259164
19741469
6109982
7846688
22788900
23411499
23411500
6306609
22625085
17775422
10271558
10271560
10271561
15973192
22625096
2767689
20691789
15193
10795866
5127007
2440033
11352932
22133607
10697587
23247734
3357568
6634370
6634379
2210700
16464790
5946267
8272803
310182
5815213
15678383
5258165
15383485
14531520
15612870
8174539
1686479
13024208
19053519
8109022
15088608
10927077
5061606
21642215
4340712
21642217
19643372
19643373
13646834
14072818
11910132
17447923
9223155
5553144
23641084
3357695
17513478
5422086
19741707
2538511
18005008
113681
18005010
2145308
19905565
21085213
441377
17087524
474163
7093300
474165
7093301
18070587
6470716
10959933
18070589
5520449
21609539
21609540
21609541
21609542
21609543
21609544
21609545
2210892
2210894
4897872
22985809
15940692
18693224
10337386
10337387
2374764
19217522
11418746
10009723
18365562
22363264
6405249
6503552
17808515
23215235
20692111
146579
3488916
5553312
5487781
11779245
11779246
11353263
2014383
11156659
13352120
4603066
8764605
343230
5553346
12172484
12172485
1490117
16366790
7257286
20724937
15678668
8174799
5389524
7781593
14957786
7781594
638175
13745376
1096936
21413102
1457394
17415423
11484416
1424640
17415425
4209926
1424647
16891144
16891145
1162514
22035737
13024538
20987164
11517213
12074282
22986027
20725036
22986028
20036910
22986029
310580
22953272
9977165
13450574
17972560
1293656
1293657
1293658
10567003
1293659
13221212
13221213
8535388
8535390
13319521
13319522
4341090
8535393
22855019
23510383
20004216
7945594
18398590
21544322
8043909
81287
13450633
12238227
20888980
22625683
14794142
17808807
245162
245163
4013485
9223602
2375094
1097146
1097147
21577152
6569409
15580610
10763720
16301512
3980744
11582923
8371657
16825824
22560224
736738
14007786
8011262
3325456
9354771
4800020
15416857
15416858
15416859
10731052
17874479
22691375
11288113
20856391
12435022
13254235
20954717
18923105
19086952
3587688
15679088
14106232
13745786
7421563
12107388
10174077
16006791
16825994
1752722
1162904
17907353
2768538
18431646
6930078
6930079
4603553
14794404
2145966
13287093
6176440
6176441
2244282
11550398
16596670
21642957
5586638
13680335
20627152
6700755
20037335
18202328
12631774
18628318
343779
7749347
20856551
18464490
21511914
23248618
10436333
10436334
23248619
4603629
18956017
19480308
8896249
11026173
5390079
2113293
5848851
5914388
16301846
2801437
7126817
20365090
11419428
2440999
20856618
21905202
13680437
704314
21937981
10829636
10010443
8961871
81754
13746035
1261429
10436471
1884023
6963063
4898682
7847812
15810440
15810441
16367499
13516684
18956180
9355156
2113444
10076077
20987825
15417277
23576511
7847872
7847873
19578818
21970882
11419588
18989018
20103134
22560734
5783518
17874921
17874922
20660203
12730349
8437742
12894191
20037616
16924659
2310132
638963
1327097
15515642
10797051
10960896
1884160
10272772
20103172
16105484
442381
23543839
14729256
11026476
14729262
2867246
6471727
2736180
15351863
20365368
2736183
2736184
4636728
49209
9846843
14303294
5980224
21250114
13320273
15515729
15515730
21741649
22560852
22724693
22724694
22724697
18563163
2834524
17514598
6045800
10797166
6307954
3096692
15712380
1785986
1785987
16760971
22626443
5685389
8568973
14696592
10993811
19382420
11124886
278685
934048
13222049
18923681
21840034
10174628
1884327
5652649
12206255
9552054
1949890
23150793
8831186
8831187
1851606
19251426
901348
19251429
15286502
19251430
11452667
8601875
19710228
6996260
18432299
2769195
22888751
23511345
18661682
213301
20267318
20955451
20955452
20955453
20955454
20955455
10895680
2801981
8831301
672082
10174803
672084
4505945
18170211
672106
23609709
9191794
14434675
3260787
1655162
13812091
1655163
4800890
18923902
7225732
9322887
16778
15745420
6668684
19906962
10535319
22135198
10109343
18760096
22135199
22135200
22135201
737699
21807525
14598566
21807526
21807527
9945506
11092394
16236980
12829110
12829112
115129
1458628
1458629
11616716
22495693
22200790
22331867
12763612
22331869
18366943
6635999
23609826
15516136
10142186
20267500
2965996
8143340
5456371
7422454
967161
541185
20169227
20169230
4407823
20169232
5751313
5751314
7356945
9257486
9257487
2114072
8831513
9552428
6242862
3850809
10601019
13713980
7422527
10207808
10207809
14533184
4866624
20103762
21348949
16466519
16466520
21348951
23118425
16892512
2310752
7553634
12927596
2048627
1983098
9585279
606859
8274572
6341262
6341264
19710610
6013590
15057561
15909533
9487010
7586467
6865572
18793126
49834
11158190
19645104
4932274
4932279
6242999
8372919
344764
2245320
7455432
21480139
3654358
6439640
16499419
16499420
19972831
8667872
4047586
17580775
5620476
17482505
9880330
17515284
8143636
8143637
10634007
16466743
4440887
19841852
19841853
13255487
21840703
475969
574279
18629449
18629450
9913167
16532304
23315281
3621718
3621720
3883870
13583203
3818339
9913187
10634089
16302957
21644149
246646
607094
14566265
22365062
22430601
4834188
18465677
12469139
12469140
12469141
17122199
17187738
17613722
8143770
3621790
4309920
21513130
19579830
22135738
8930241
8930242
6243267
18924485
443341
3064787
21152728
9782242
9782243
11650020
23413733
2016232
10896362
16204779
16761836
18236400
21119989
23315450
16663549
12764163
15385605
15385606
15385607
15385608
18793482
11453456
5981201
6374427
6374428
4441118
18367536
4080688
21382198
5620792
5620793
2638907
18695230
16925759
12174402
12174403
4080715
21808205
21808206
15418447
21808207
13517908
21316706
935017
9913454
7095415
11617413
12829832
14533769
18662539
21644427
4048013
8504461
8701067
8406161
11519124
22070420
16991395
5817511
11846837
20661433
15353022
7292100
14763206
1426634
11322572
11322573
12731597
18269393
18891988
19645662
19416287
19416288
2770143
14271724
13878511
1262833
13387011
20432135
4277520
7816467
20596004
20596005
20596006
14632238
14959919
14959920
5195056
10437938
5621039
5621040
5621042
13124924
116038
22693191
2737487
5391696
22857041
5621074
214357
181591
11879780
19875183
8766831
18695537
21742963
14665079
8209783
13026685
9356670
1951103
23053699
17974661
7259526
17974663
20858247
18400649
13845913
22136224
2278820
20825513
7062953
345515
19121580
20071852
14239158
15123906
16958918
7390666
18138572
16696786
16598485
1263069
23512543
280040
7128553
22726124
607724
214511
21186037
17253878
21186038
21022202
10536444
1787391
21644801
21644802
15287811
15287816
14501401
11552288
5588516
22627884
18269744
18269745
9520695
23283258
13682237
5260867
6276684
13354574
6276686
6276687
8537682
13551188
13616724
9061980
3753583
18892407
12764800
16270977
738946
6342277
23119494
1197703
1427084
6866575
7227024
13354644
23611030
8570520
14075551
7194282
21841583
9062063
3229361
22300339
3229363
19809975
1001152
11159237
11683526
5883596
11290317
14960335
20924118
20924119
17450712
20924120
771802
20432606
20006636
10798829
17286897
17286898
9225969
1820410
22431486
22431487
3327745
16008963
22431492
804637
13747998
2705183
6506273
4540202
12863275
16762677
16926520
23512890
23611215
20825937
10667866
83802
9979752
14075761
12306296
12306298
12568442
2279291
12306305
11650951
345995
5162892
19842959
5097360
12109713
18761618
5162896
15288212
5162897
7718801
9127823
23250845
16762782
8931241
15353770
9717674
16238515
20531124
2705336
5523389
14960576
18433984
7227330
1624010
346058
411595
9455563
14567388
7981027
7981028
22235113
411630
411631
7292917
3262458
21940225
5982211
3459078
7129106
7948308
5031964
12994590
10405919
17156131
3459107
12044335
12044336
23021618
8996916
9816121
9816122
9685053
13289545
21481555
4114529
14469218
6146145
6146146
8046689
8046690
8046691
12798072
19875962
19875963
19875964
23349376
477320
13617295
8833167
15354002
15354003
4245652
14928023
8079516
3000477
3197089
968868
10176678
14370985
14633134
4376758
23677111
23677112
23677113
23677114
23677116
23677117
20662462
23677118
23677119
23677120
23677121
18696387
11487428
20826307
23677122
23677124
23677125
23677127
23677128
23677129
23677130
23677131
1362126
23677132
11716816
23677133
1362130
1362131
23677134
23677135
1362134
23677136
23677137
23677138
23677139
23677140
23677141
11651293
23677142
23677143
23677144
23152865
23677145
23677146
23677147
23677148
23677151
18893033
9324781
13420786
21907699
20826357
20826358
14502142
4507906
5785861
16337161
17025298
18565406
20334880
11651364
22366505
1427758
22300980
14338365
14174527
23087434
22923598
20334945
20334946
543074
17385831
10176882
2640244
23611768
4114808
11028858
23611770
543096
6015368
12863885
12962189
2967951
2967952
739727
739728
8309142
1296795
3852700
21907869
21907871
9914788
21055910
22301096
22366636
22366637
149935
22366639
3525047
19515832
16435641
17615292
17615293
1460670
22170050
8505798
11717079
11291099
5753321
608747
22628847
8342005
18467319
14567939
19810820
4213253
281097
10177034
10504714
4311563
5851660
17713680
6736401
7162385
772627
7490069
2476569
16239141
17058342
2017833
4016687
20597304
9718328
1133122
1133123
9423426
8211013
1428038
6244936
6244937
7981642
1198670
16042589
1854052
1854053
12798566
19483244
1919602
6867571
2771573
2771574
23120511
8080017
8080019
13650581
11389590
576161
1395368
13748907
13879984
6605492
9030329
379581
3820224
6310593
9980609
21318345
7949001
16206550
11750117
18991846
11750118
18828006
18828007
23284463
21285620
4147982
23087894
4147990
11946782
14764851
14764852
23153461
5557048
8702780
8637246
1526593
15453012
10242903
14699352
19319640
543575
8407905
11422574
19090289
19090290
19090291
22530929
7687037
22268798
22268799
5557139
21089172
15289245
17681309
6310814
8801182
14896033
18631594
16632749
3689392
15223732
3197876
8113080
8014777
11389886
150478
22137813
9980885
12340187
13192161
13159394
13192162
22072293
13650923
12274679
7425022
18238468
20827140
2575374
9456659
20499484
13290531
2214949
5590065
18041906
22137915
18598975
20663364
20663365
12078160
17583188
6081622
17583193
16338011
20761702
15551591
9325670
3558512
3558514
20139125
1002618
9096314
16632956
10177661
6966398
9096315
5229696
9096316
9096317
9096318
9096319
9096320
1985677
17452177
20073617
20073619
9391254
20761751
13421720
13683865
13421722
6147227
8801436
8932510
18435231
23088292
21515430
12766377
17190057
21843124
23022776
23022777
12766394
23022778
2673851
838844
11324607
576704
13028546
13028547
19582152
10177738
19663
11095249
7752928
10013939
8735988
13716732
13618436
576772
20368648
20991251
19942676
10407191
8670491
2608416
3362080
21679395
14175531
14175532
19549489
2247987
6016307
8506682
6147388
4672830
22924615
22924617
1035597
18730318
1658193
18599251
13946197
17190231
249176
1953115
6442346
8047989
10079611
2215295
14241157
12078471
11521416
14863753
19549575
19549577
19549579
2870670
7916951
8539546
380318
970144
9096612
23186853
314795
16993715
12537270
21253562
11128255
18042303
10735044
2313678
708047
8801744
7130579
12176858
19058139
23186911
10669537
17386977
23186914
4738536
20303339
347631
7174662
970238
23252484
740874
11193872
118288
15683090
5164563
7228953
18370075
19779101
2903590
8015400
6245929
3526188
4574772
413237
8670774
1920567
20958789
21319238
2084425
2084427
13586003
249428
839266
16076390
18665067
20139628
7655020
1724014
16240241
20467314
85619
19189367
15453832
5951112
937612
2346649
18566815
23285410
16830117
23482023
17682090
18042543
6573748
15814327
5623479
20991673
3296961
14864066
22564546
3296963
9686721
9686722
16142024
15257300
23383764
17780438
20336343
839385
20696808
20696809
20696810
20696811
16568044
20860648
3395310
8900338
16797428
11423482
4411141
7556871
23613195
249612
3788557
5066508
16830224
5623570
14733077
14733078
19418905
9719583
7425834
19746603
19746605
3788596
282431
13356869
4738885
20336463
1527633
13946708
22728534
22728535
22728536
22728537
23088983
8769373
17977185
9195362
13848422
2936678
16502637
16797551
10047344
14077808
16797552
1986417
12734324
10178421
5918578
11063162
413562
17158020
22368133
16502662
22368134
22368135
14208906
13979533
970638
970639
18960273
8966034
14667674
15912858
17190810
21057438
11358121
16306095
16961459
11980724
11980725
413620
5656506
19550140
5689276
20926398
8966080
6508481
10178498
8966081
8966082
9621442
15814599
9031629
13651921
12242903
19288024
11358169
19910627
19910628
19910629
19910630
3493862
3493863
4247524
1691633
1429497
19812348
16830463
18305035
18305036
15126545
7327761
7458833
9687064
6082587
6082588
1789990
17420328
4149290
14667831
2936895
3788863
3788864
3788865
23515205
20566090
23482443
4640851
7327832
3067994
9621596
17551461
18731109
18731110
3493991
3461227
10473584
17944691
17944692
5951609
5951610
1953925
5853320
22237326
18239637
20009109
11358360
3657883
13815966
708766
23548072
23548073
13029548
19845293
19321031
19812560
8868054
16830682
8868058
15519967
1069283
1069284
1069285
4542694
7393510
16503018
16765164
151792
19943668
19943671
19943672
13422842
282874
18600188
13422847
16142591
7524607
21319938
7655679
18731269
15028490
9621774
19452177
20369681
4477205
15946011
7131421
4116791
16240956
4575554
151885
17453400
545112
18960732
17224030
16503138
3297646
11751791
18796914
10178931
11522419
14799225
21320070
12013963
151947
217484
3756429
3854738
10899860
14373268
10539421
184741
21680551
20926888
4673959
4673960
13521323
22991275
10277293
22991277
14471599
807346
479674
11719103
12243391
6541771
11751886
6541774
5951961
22434268
119263
8770016
9130471
1528296
8999401
16470512
8212984
5624313
8212985
13783549
19780094
19812870
19812872
18862611
18207261
23089693
3691037
15225386
18371114
479786
17551920
414258
11817524
873012
12800568
22991420
17486397
21090885
21090886
19747399
21090887
6869582
2150993
5132884
840277
9130585
14439002
11915880
12440169
1954410
15192681
12440171
14504556
1888878
16700020
3101312
7885446
17683082
4608665
7492253
16798376
13292215
16339641
5231290
20370107
5231291
6214331
9425593
22958786
6214338
5984968
5984971
9261775
9261777
22401746
6214356
6247124
3330775
2511576
22467291
2511579
18666210
250595
250596
9720547
23188198
16208627
11752189
414463
13292288
9687813
6902534
13292295
480017
16765716
6050588
6181660
5198622
5198623
5198625
18076450
14340901
13292327
22762280
23515953
4641591
22303544
23614264
18731843
22631236
13816650
3461964
3167055
12571472
9261908
14832470
10113882
13783898
13783899
10212189
3822426
643933
19026786
11457386
3330944
3330945
10310530
16995204
709510
21779336
8344457
8344458
938889
5493644
1528719
14635922
17486743
20239268
20239269
20239270
9327524
7132072
9327525
2446253
18600879
873393
21386162
21877683
22631349
19682242
316364
709584
5264337
5428177
16634836
14570459
2642914
6312931
20861925
20861926
19747820
3298287
3298288
15225841
3298289
3298290
3298291
3298292
3298293
3298294
7525367
19289085
19944445
10441727
6771711
906241
15520770
15127557
447509
21517335
12768281
7132185
7132186
9327648
1332258
13292580
1856551
3134513
2970674
3134514
11981880
16929855
742465
12473411
10277959
13063241
16012363
1889366
1102936
1037402
1102939
4084832
18338913
19027042
19846242
14668901
11129960
1692778
21648497
13653107
11228284
14275711
1168512
23647361
15193222
709767
4871307
17519757
19813517
7099534
54417
9426072
3101854
14537899
742572
7034031
4707507
19715255
13456570
13456572
5166269
14800064
18797768
16209101
7066835
22303956
7034069
23647453
14406880
2544868
8344806
3167464
3167465
3167466
11261168
8639730
3724533
21751
16602362
5494012
4281604
22271237
17257737
14996759
775447
1725721
3265819
1725724
14832930
5854498
8181035
13260090
18634052
3233094
2807114
14865741
14865742
12408144
6378837
17323351
21583226
23188867
23188868
7460229
11556231
22926731
1856912
12670358
13456795
3790245
808361
5592500
5985718
11818436
13653451
10606028
3691985
3691986
808408
7427547
7427550
4314597
17716716
19584493
20469230
16930288
316912
742902
20633079
12506616
21616119
23647738
3888637
11261440
16537089
7394826
3462669
19944975
7460369
7460370
17815062
694747
120346
14865947
3495456
6182433
6182434
2217508
3495460
14702119
18568751
775729
1005107
1005108
3298867
22337078
3298868
17585720
6608439
19945018
19945019
9590327
1300030
21386815
19125824
17585729
20305472
17847880
10769994
16307790
7296597
17454682
13325917
14636645
16864880
6379125
2479734
6379126
11982462
10540676
87685
13653638
10540679
15455882
2676362
2676364
2676365
1037968
13555352
18011804
5297820
13227684
8181418
10933932
12670642
17389235
153271
7263928
21288637
14341826
11130567
17520336
22075089
12146394
9361117
5723876
20862695
21354223
15718136
3888891
16733950
15292162
18142979
21092103
1562380
9983757
14341903
14341904
13555475
19650324
4511510
16865047
2086683
11228956
2086684
21321505
21321506
2807585
9656103
9066291
9819955
18208567
13915960
19191608
21092152
6641463
6641464
4937535
2774850
16308040
20436817
2381661
2381662
2381663
415583
1955681
5035872
7133024
22271847
11917163
19584877
19584878
23353199
21649269
21682038
10246006
21682040
10671991
153462
10671994
19060603
4773756
20731776
120707
3331971
9295754
4118412
9918348
14899091
15292308
21649305
120730
12539808
2217889
23058336
9918374
9033639
9033640
9033641
6150059
21518263
21518266
4085696
5199811
13522884
18372548
18339787
13719500
18962382
17586130
17586131
22239198
11032544
11032545
11032546
18241505
4642794
13490155
17553387
17553389
21092331
14440431
88047
9983984
21092340
13981689
841724
4347908
7034888
2742287
19322905
19322906
19322907
19322908
19322909
19322910
19322911
14800928
19322912
19322913
4970523
19322918
11163692
22370348
15882289
5724216
19322939
16767036
19322940
19322941
19322942
20928576
19322943
19322944
19322945
19322946
19322947
841792
5953607
9525318
4577358
22534224
7067729
383058
481364
23484507
9689181
481375
13031531
19748972
20174962
5822585
6969465
14440577
21485699
17258629
10836108
13031564
21125261
19912847
13818000
19912848
1824914
22501521
1562772
120983
12048547
12048548
12048549
2873508
16832679
2873514
11655351
16668856
22403259
7067836
20109501
2021565
2021567
5200062
2021569
5691586
9099457
4937926
186569
8706253
19388622
18176214
18176215
20109527
22304989
4249821
1169633
5036265
1169642
5855466
18471152
20273405
22075658
6936843
17029388
23582992
3266833
350482
4020497
55568
20011285
743715
743716
743717
743718
23517481
13556011
15849787
7166270
383297
10443091
1202515
19880277
14014810
10934628
14899566
3594612
4938100
19814778
19814779
3430781
9591165
2775424
3430784
7920005
6740358
14047629
14047630
317855
317857
9492898
6707620
6805931
9558449
7231926
15489464
4381116
4381118
7395775
6150596
9296325
2677190
7199174
4938184
22567370
18536907
18962892
3660246
22993367
22993368
8018390
9689565
21879268
13883878
6871526
6871529
416235
14473711
9951727
17750515
18733556
6740469
20568568
18504192
678400
1890824
9918989
5167633
16603670
7952920
7952921
15129122
15129123
13064742
10115624
20077101
10115630
8641070
2284080
22338097
18340402
1038900
14473781
15260218
3693122
15129155
1858117
10345032
13720140
11622990
744014
1235538
14113380
1989226
1989227
14408302
17947246
17947247
3660402
4774514
20142708
645756
1235581
16341630
13949581
16931472
481939
23124633
12049052
23205
23206
19356328
22010538
19651243
21977773
3857069
21093039
15358641
14310068
3201728
11066054
11066055
11066056
20929227
15194834
6544082
8805074
16341721
22862554
17193692
613085
7068381
21125856
16210657
20372195
3070691
3365610
19290859
17423090
20306674
20306675
20306677
3365624
13720313
14015225
547576
21027584
9526031
2022160
13490964
23452437
3169056
13490977
3463983
3463984
11787058
11000632
2513723
14736188
21125948
7199548
940862
22600512
14768963
10214218
7232330
12442447
10935129
1563482
7232355
11656036
15588201
12049260
12049266
17128309
23452538
4643706
20929406
646016
7330695
20175752
15948682
12835734
20601754
20601755
20601756
20601757
11426721
23354285
5430189
580527
744368
13753266
21715891
15195064
12606395
22207420
21322698
21322699
18570187
18570188
18570189
18570190
18570191
18570192
18570193
3791822
5266380
12082135
20110295
12082137
19782619
12082140
13163484
8117216
12082150
6282214
11918313
14244843
5463029
5725177
5725178
16079868
11918338
19127300
17587205
5233678
20732948
16833560
17194010
482330
19520541
20929570
13196323
22305828
19946541
6544431
15424571
3365958
21781575
5299276
23190614
416857
14900316
1760350
1760351
14900320
1760352
1760353
1760354
1760355
19520611
22961265
2808955
2808956
4414596
10771590
17521799
13098121
9493649
8182932
16735381
9591960
9526428
5102752
2940068
17226920
20208819
20536502
22043834
20536507
21028028
21028032
15031489
16637130
9886928
11656405
11656406
5659863
9034967
14212319
14212320
7363810
19193061
21224680
21224683
2055408
285947
23125251
8805648
3726610
2972949
2972950
19029279
646432
18504995
22207779
22207784
5561642
6085930
6544682
12115248
17456433
17456434
22502712
11722050
5135685
5135686
22207815
5135688
5135689
7396679
7396680
6085964
7396681
7396682
8117581
17522011
2481505
810342
14540145
18144642
777609
14638475
10411415
9756057
7757210
8248731
1629598
11689375
2907553
15228322
2612645
21519782
10968489
16604588
5463475
1039796
17456565
17456566
12803512
482757
13688266
20995534
7757297
908793
14212606
4251134
1728000
19488257
19979783
21224967
20209162
21224972
20438542
12246545
21585427
417300
7429651
1269271
1695255
14867997
18865693
21454371
9100840
5037610
17292849
1367602
4349491
1629748
14966336
14966337
19553864
17161805
11427406
22568530
2252378
14966365
17456737
5004897
1138276
19652200
6413929
4087402
10673772
5856886
2088568
16899717
17194629
15982225
16375448
23486114
15720116
12607168
18046659
14638788
14638789
4382405
6217412
2088652
2023117
9756366
11394767
614099
8969940
10182360
10182363
23224029
253661
8969949
3104483
810724
14311145
6217449
548601
9068281
18046716
18046717
8052478
14868224
7724805
16375558
10247943
19717905
5857049
7003929
20602651
22142748
2252572
4579115
22306604
9592646
941896
384844
18374477
18374478
18374479
417620
11591514
22536033
11591523
12967783
17391463
19062635
21978987
20275058
13131643
21618559
2285441
21585794
21618564
4579205
810884
18898823
17325960
18898824
12345227
9068428
11919249
2056082
6021010
10313620
3792789
6021012
11198368
13950884
23191460
24485
5365678
6840241
13852596
19685311
1630148
18374598
253908
19193813
3694549
8150996
8511445
8511446
8708052
8216539
16506848
10903521
12869602
17817568
17817569
1466343
11952110
5169138
614390
8085496
11821056
15097859
15097860
11034629
21487639
6184983
13099033
2711577
679959
8216603
17424415
2711585
843811
13295656
22634542
647224
12116028
2285646
483411
254039
2711644
2711645
14377058
2941028
13262955
843888
8446069
8446070
3039351
7495800
14409851
4612220
581756
23158910
7823489
7823490
18178197
811157
22765730
22438051
23290018
12214439
12214442
17752236
21553327
3236017
10084530
10313906
2941113
4645054
5824704
5824705
15360205
10445018
19292394
19652844
6512878
680174
10281203
11329784
5562616
22503685
17916170
16900369
23126304
19947814
19947818
21979462
20177224
1958222
12312913
12312914
12312915
7954779
14475614
20832619
7135601
8544627
8544629
16048516
18899334
18899338
778641
2646424
19194277
6381991
21750197
778678
975289
4317626
1663419
6644160
6939073
19784131
418257
12247514
17097179
10871260
90593
18178530
22602225
10936821
22307321
18047482
22307323
8708601
8708602
12935678
3990018
16572931
8708611
19423749
22274573
16343568
21094933
1139230
4710943
647710
17981986
14770723
4973095
6480424
14770729
3400236
9593394
6906419
21946945
21979714
21979715
21979716
19849797
21979717
19096138
13099597
13099598
18539085
21291602
11952735
942693
12214889
20275821
6742637
9265781
19063414
11723383
11854456
16638584
778875
8249982
8249985
10379908
10674824
3662475
4776598
21652119
20898459
23388829
3760798
15917727
4481712
582326
13361852
1008324
1008325
1008326
1008329
15262410
1008331
1008332
15262411
15262412
15262413
16474825
156369
8086217
20112083
13460183
12706520
12542684
10937054
12542686
22930145
7561955
22242021
9528049
18506484
7103222
7103223
7103224
7103225
17785594
9626364
10937085
6972162
18211588
254725
5956360
9593609
12903179
3859222
13591322
13591323
13886238
20144933
21652268
19292974
2024243
2057012
21750583
6939447
16540473
6185786
21947196
7922492
21062468
7791429
15328073
19718986
19424081
19915605
17425238
4383577
9036637
10412897
21881704
3498857
22307690
12575599
18310019
18310020
23651203
21488518
11199367
91017
16966539
6677391
8446876
8446877
15295408
779185
14803891
14803892
15066035
14869434
615357
615358
19653581
16704464
1205207
20603864
5759961
5759962
1958876
386013
9561059
20407275
20177902
8250358
8250359
7169017
7169018
10445819
12739583
12739584
14050303
11592707
14050307
14050308
3597316
20210696
20210697
20669450
20210699
14410764
484360
1172494
13657103
2188303
6644748
13657107
5891092
6644756
6644757
9430039
6644760
4776985
6382620
13198370
7005222
7005223
5399593
7005226
3597356
11265072
11265073
4645936
746544
10118200
844858
12477499
12477501
22537277
10118207
11101252
11101256
11101257
11101258
20276296
10478671
10413153
17228897
1729635
6218856
6513769
8250472
19424366
14115960
17917053
11953289
23585932
16082064
7300247
7300250
7300255
21161120
7300257
7300264
7300267
1434799
9725104
6841522
10249398
19555516
4318399
23585985
3630280
9856200
7398604
6382798
10839252
10839253
13821141
20178135
21488868
1598693
20833509
21488869
16016623
2221295
2221297
12215548
16639229
13952259
21456132
9594116
21456136
21456137
21456138
23192841
386316
8119563
19948815
7529744
13395222
23094550
845085
18539809
22177057
13067555
14247203
5989666
22832422
17261863
4482355
10642765
189777
10151252
2090332
2090333
8250730
8250731
8709483
18998637
5498222
6219126
17786231
4056440
4056444
22373758
4056446
8938878
12838273
12838274
11036037
23029126
22275470
22275471
943503
13329811
23618963
10315160
23291292
20374942
11527585
11527586
17261985
4449697
255401
12641711
746929
8021430
13657527
11658686
3401153
10085826
11167172
22504904
20080077
10315215
21489105
12576210
21489106
320979
14640597
8087001
19850714
19883483
615902
2287075
8512998
11986407
21161448
2516458
20768235
9692652
943604
3761653
2614788
9070085
3532296
21161481
6120970
189963
18736653
9233950
10053153
189986
11658790
23291433
22505002
878123
19260977
7235121
2942515
2057786
8939074
20080195
7333455
16344667
12445282
11560551
17655399
9954926
21456509
10118785
21980807
5760649
4417164
16803474
5596825
2746011
7595675
13362846
9103010
616102
7038631
8054454
7726775
23291583
10151623
10806987
20571852
9791183
13854417
22734545
16475859
18310878
4482782
5433054
5433055
1468131
21063400
6121196
15034107
1042173
812803
1042184
6317842
255765
23389978
12543783
17557289
550697
17360683
17164077
13068082
20506425
22603577
9168699
5859133
18048830
190271
18048834
18048836
616260
7366470
5203784
6416201
19195727
419664
10676051
190292
845651
11986777
9135964
16050015
11200354
5269348
7006052
7726949
2910055
17557352
17557354
15165294
13395834
12937087
22046596
5105540
12085127
19392392
19392393
19392394
19392395
19621772
19392396
19392399
20375440
8251281
19392404
20965286
20965287
19752872
19752873
19752875
10479536
9562033
288695
8546232
7169984
7169985
20735941
19130322
1730523
1730524
5236700
11233252
354276
9496557
4581365
6023157
8644603
1959933
5597187
15460365
3958807
5138455
5138456
11986970
23619612
19687455
19687456
12544033
19687458
19687459
21817380
22538273
4646950
7366687
15689768
7464992
16410666
7464994
7464995
9594919
9627687
23390255
5138483
17426486
20310074
21424189
7301201
17229913
6907994
6842462
19523689
8611951
18540660
20310134
5204087
18704516
9136261
18114701
3008655
15919250
15984793
19392665
23029916
7760030
7760031
10086563
20474021
10447014
10447015
5400742
5826730
2910383
9398453
9398454
10348730
14313659
17295553
14870724
2386120
288978
18573528
3467482
2418918
23455975
19425512
5335270
6318318
20637944
16247037
16902397
9857281
13396233
22243603
2943254
23292185
23030047
16869671
12413227
21752108
14510383
19687729
19687731
17721652
22440247
12380475
13822269
16673099
8841555
18377054
18377055
18377056
2255198
11397480
5630314
9398635
19786101
649595
19556732
16378239
17557889
9857411
9857412
9857413
92552
10905999
223631
9267602
4417943
1698200
15919513
6187415
21293476
21293479
20539816
649639
10480049
10480050
10480051
4843969
4843971
7825860
7825861
3762632
17492434
19950034
8612323
17590757
4778473
1141235
16116214
8677886
22079999
8677887
16116225
2451974
5237257
813588
12577306
15821341
2058785
2058791
15002153
7170603
9824814
12544564
7891509
22899260
9398847
14936644
22899270
5040724
13199957
1829463
21326424
17197657
21326425
10545755
6285921
21817955
21817956
18115173
15231592
20638313
1141361
7465588
6908537
6908540
6908554
20343439
20834960
9398929
5859989
13626014
7039646
9530015
9693856
9693857
18803363
14183083
14183084
1632942
16706229
3762872
16214714
10742462
8678081
21555906
17787591
23161545
3533514
3533515
3533516
3533517
3959503
11758299
8350427
223969
19360483
1665765
22899431
15362793
6613739
18115314
518901
6744825
18868986
8317691
9956094
9956095
16378626
3402498
3402503
12413704
13691658
420619
3402511
20081424
4123407
20081426
16280341
3992343
15854363
2911006
15854368
16706336
682785
20212516
12741414
8612647
17558312
8612648
17001260
19983153
17787699
17984312
7072569
4647738
15854397
22768445
22768446
6908734
23161666
23620425
8055627
8055629
17558353
17197906
7727956
8481623
813913
15035227
2517852
4975451
11594590
3861343
4975452
3107681
6056798
8514403
19262311
4385640
3631989
2157431
21130111
4877185
3533700
10840966
3533703
12577673
16378761
20900753
9857940
7760800
7760801
21162921
8285105
16903092
6613944
7891900
23227325
22965182
12577738
12577739
10382288
13462484
7990228
7990229
20409303
1862616
16116703
21556191
2747367
17099752
16673769
19295210
16083957
21195765
22637563
19753981
21457925
17296395
14412812
14117901
15133710
7793684
4877333
93208
22899738
12119068
19360796
4254750
4910110
15166511
8121403
5794877
27715
8121415
9727050
20081740
14085200
9727056
1010770
16870482
14052436
2059352
16870490
617563
7760990
322658
3239010
19557480
23620712
18410603
1141875
18574455
4484215
10251387
16804988
1371265
4779156
17231006
11562158
5565615
257201
421042
4091060
11562165
2878646
11627705
11562173
8973505
21064899
17231051
10349782
11103449
10349788
17231074
7531749
2190568
2190569
22080746
126187
22080747
8809710
5467376
15396083
13888756
17984760
912634
912635
12283132
716032
912653
7564559
7564560
7531800
15723802
14511387
10415388
18967837
22441244
14150943
22441245
17231138
13233448
6319402
7761195
18935086
11103539
13102388
16706867
23096632
15822137
9891128
9727295
421187
22801734
8351048
18935118
3435856
3992912
9399634
15527254
20082006
21163359
16215393
13987172
14249320
16805228
19197300
1502582
13167991
1502583
552314
8416636
552317
10218878
552318
552319
9366909
7466372
16477574
12512647
19787144
814473
9792904
5401999
5893532
21032350
13757855
6483359
18804133
11070888
7499186
14380467
12971450
11922877
15461830
945607
5565900
19131858
15461843
6680022
6680023
2026968
19852761
3436001
6778337
16182758
16707050
19721715
16969205
14609912
17985016
19295736
22932987
6548989
19033605
14675462
14675463
15953416
22900234
17722894
13266451
14773780
14773781
14773782
17296916
17329685
22900247
5271061
5271062
15527452
3993124
17788458
3501611
3501612
1863214
14020143
8023601
6155833
1699394
6417996
4648525
18837074
323161
9104988
13233761
22670948
22670950
14347882
519787
4648562
19361396
21425787
2518655
3370624
3731077
15167113
9170572
5402254
3108499
16445079
1896089
19295911
8711848
18214578
16576182
16379577
23031483
2092752
18542300
11333342
5795551
7401182
11792098
1371876
10088166
1863400
6188784
15920882
12185344
9793280
5467907
1961734
2191115
6319887
388884
10252056
10252057
1699613
20836129
1699618
13725475
20836131
20836134
2617135
4615986
4779829
7237429
17067833
945981
9924413
9924414
20180801
14446404
18640710
16543560
13365065
21229384
22114133
22409057
5435234
5926761
19394412
11005804
11988852
23228276
14708602
14708603
356222
13660039
9236362
9236363
14610316
14610319
23555994
716706
6614947
8122281
21295022
7532475
9826240
1109960
14282702
22998998
22998999
3567574
3567576
15429599
18673631
9564133
7794666
23162862
3239919
19689457
7237618
5697523
7663603
5697525
8351729
1142775
1142776
1142777
1142778
6844411
6844412
10645501
716792
8581121
3633154
978946
323592
8974345
8024082
12021779
20508692
20508693
20508694
18378776
4223002
17526811
8384539
10940445
8515614
880670
16511008
16511009
8515616
8515619
9728028
22704165
13725738
15364153
17068090
159804
2060356
13496394
15790157
8056910
18903119
21491791
1208401
9760847
19722336
19722337
4452454
7008364
22769774
21164146
21164147
12349562
12349563
553082
5828731
8908943
3109015
3109016
3469470
22114466
16183460
7303337
14577834
1044656
20377776
4681906
8843442
4681908
15495362
15593678
2453715
13299924
13299925
17166549
16380120
979163
15626460
14479581
7434461
13627621
21426410
5271797
880885
18575609
10055931
12579074
12579075
14577922
14807299
19296519
19296521
1863947
1175821
1175822
22442259
22442269
22442270
21459233
4223265
8384812
8384813
8417584
17756466
8515891
8024375
4780347
8581437
9040190
16347457
22966596
16478537
10482004
6418781
291167
5468514
16445797
2126181
1274215
10350952
10383721
6451560
848240
15561074
11923843
5665159
5927306
4551057
6517139
6222230
520600
13529502
19984804
19984810
258490
23294396
9793984
651715
18510279
12218827
15069644
160203
21393871
10547671
17887703
1896923
2453985
9597415
9597416
6975979
5337582
6877678
12415477
14053882
1962490
14152188
5829114
1962494
3338750
14840321
18051587
15757836
21492244
21492246
6615576
8385051
19886621
20640293
20148775
12055086
7631406
7631407
7631411
21262909
1798720
12907074
19886663
19100233
22082121
11825739
17068622
14053971
19034719
20640355
18084457
12120684
10318446
13595251
16544386
13955716
3994258
20181656
914073
14840477
19591847
13333160
946865
20869815
15168184
21033665
6320837
9106128
15856337
14414546
16085713
16085714
16085716
21033686
3011295
10941155
16872163
750310
20050668
13431536
13431537
18248438
3076854
1831676
1831677
1831679
586503
17265416
11203339
13234956
13234957
17363729
19657489
6812441
9696025
9663259
7861020
23098143
7271200
21754657
21754658
21754659
15659812
21754660
2880290
5632808
17199913
19002156
19657516
3109682
1995571
2913081
14742330
13824827
23130941
9499457
11334468
5174084
15037259
7041871
11268952
22868825
13792092
11334494
11334496
11334497
18477921
18477922
2945889
20247400
21820265
5272426
8909675
21295980
10089329
9958260
22475640
22475641
22475642
18379645
7500669
3928959
12186496
3011458
7893892
3011461
6189963
19723158
521113
12678042
62362
23032732
12678045
8942491
22967207
22967208
3011498
4977583
21722036
1831861
15102902
15102903
1831863
357303
357304
19657659
22410173
9597888
160705
9597889
9434056
12448713
17003469
9040848
3404757
13988822
6747095
13988825
19002330
4551648
160739
12776420
22246374
22246375
18248689
10318835
5305335
1668091
13202429
4617216
10056705
19919874
4617220
4617221
5600261
12973065
7599114
20968465
9827345
4518933
15660054
15889430
3732503
4518934
6419481
3765287
18248744
13726761
8680491
20378673
10548278
20444225
18773058
324677
324679
324681
6288459
6288460
18773070
6190160
6190161
6190163
12940372
6190167
6190168
14677081
12973146
2716763
21656668
7926874
8352857
18609247
3568737
15299682
11039844
3175529
20444269
9794673
22705280
9270406
11957386
2520215
1471647
4420769
488614
5371059
19395766
8352956
8352957
3667135
3667136
947406
8778961
8778962
14808281
1045723
18314468
12776677
19100902
4224228
750821
390386
8385785
20870396
11334912
10384641
7927042
1307907
3732741
6780166
6190355
6190356
10220823
7468318
1799460
21361961
9106740
10384704
10384705
10450245
14939461
22312282
11433309
14087520
19166563
23295333
783717
7271784
15037805
5567860
587124
1734007
8320377
2684283
2684284
2684285
390532
1766801
22771106
7730595
18445733
19396006
11793834
8156588
14710191
15988143
2717106
20215222
12678588
12678589
325062
8254921
587211
3536332
17724878
17724879
17724880
22050257
8320469
21919199
17987049
18347503
17200624
18347504
13071869
12973570
12973571
12744196
4519427
13891080
14054923
5142039
11499032
17495579
4519452
30237
4453922
5436973
2946610
7960119
17856064
20149832
15758921
390730
15758923
4519500
4781643
4716110
7927385
3634782
13104737
10942052
8255076
17856104
11892341
4159104
14120602
17921696
21427872
6354595
14284458
21100204
3765932
849586
13989570
19199682
12908231
12908232
20379341
15890129
11892441
11073250
17037028
16053989
751335
21395181
19592942
19953390
21395184
10778361
21952250
9860858
14284540
9860859
13498121
13498122
3766029
7468813
11237136
7468819
19134229
18773782
1111832
653083
7468827
7468828
7468829
7599899
22804259
21493541
21493548
1963823
19035955
13563706
20641594
14776145
6747986
10254165
18741084
5404509
5404510
17299308
14317425
14317426
2226035
2226036
4487026
14350198
23525240
18675577
8943482
8943484
21264253
12908415
15431560
15431561
19462026
17954700
16545678
16250771
2193301
489386
3962795
13825969
751537
20051892
12646326
19494842
4192187
23099329
18413512
12744653
20805582
1406925
14710734
17102809
21821404
161760
13826024
11335657
3799026
10909692
4618237
15759378
8714262
18675737
15136801
8452131
8452132
8452133
8452134
7764011
15988780
11270196
161844
19036213
2521140
2521141
17627195
653371
22018110
6387775
18348099
11892804
22181956
129098
11958349
20412493
12089424
653395
10385493
3635291
23525479
21100655
23296114
22411381
23296117
3471479
4683894
12646521
10057850
6453377
292999
6453383
2750606
10385564
15497380
20150442
20150446
6420655
21985466
9730236
13039812
12482760
6682825
6420682
6420683
22673614
5011665
7665877
13596891
653541
22608103
23165160
6158569
6158570
6128274
4520177
22739188
18544887
18544889
10516730
18544890
20805884
3307772
7600378
3897603
948486
948487
22247688
6322440
14711051
15464715
15169806
3569939
11499799
6322468
13433127
15464749
293167
12122419
17201462
620855
12024124
20052285
3078462
4684098
23066956
13760846
17332559
14416222
14416228
5306724
13826406
7436647
19396976
63863
14776698
2390396
2324866
2324868
489862
20806023
14711178
6191498
19691919
10385815
17791385
22608284
22608285
21232043
21461424
1931703
1931704
7633336
9075137
15333826
18708932
13433285
18708933
18708934
8452564
8452567
18315736
11237849
11237850
1276377
20085210
20675046
358893
9632237
9632240
15202804
15202805
15301113
15301114
555513
6158845
22051326
13531653
16022021
14481927
14481928
14481929
14481930
14481931
14481932
16022022
22542859
22542860
23034378
16022035
15563289
6322715
13335071
23198240
1604134
16382503
13924908
12384825
7895612
9796161
22346314
17726029
10713685
5339736
12122713
7993946
17824349
22674018
4389475
11139684
20314725
10943077
11729511
1833576
7109222
3078767
9501298
5274228
5274229
10091126
20019830
10058360
20019846
20019847
21756553
18741904
12614305
12614306
293542
4782765
22870704
12483251
6716087
1473212
9665214
21723842
3046085
21527239
359113
21822158
21822159
13499088
17136338
2325202
3046104
3046105
3046106
18873051
3046107
3046108
21592798
7273182
5995233
8288993
12909291
17562349
9403118
6781681
10451698
17398520
850680
17857284
11139853
359188
16055063
5438231
23264025
1637147
588571
817948
11959071
14121759
1637154
2915107
5634854
916271
20085553
621362
11238195
4684601
523070
129856
8747840
5634883
20544327
20937547
20937548
15465293
20183892
20183893
555865
16087900
16087901
3210076
5274463
12417893
3636069
16841577
9304937
7797614
7797615
10287986
10287987
228212
21461878
5405559
15924093
7306113
7306114
14318467
12876684
3898252
11238287
15203217
17267601
555928
3046300
22510494
6814622
19561380
20020133
6814632
19823544
7142334
19299263
7142335
7142336
2980809
2980810
3341258
21134287
14187481
6847452
17267680
17136610
15072228
3308516
949221
23165929
1965036
17202157
17202158
17202163
22281203
2489333
3210232
18217985
687106
13073411
9272325
18840586
20708362
11664406
621591
7044128
21462052
21462053
4684838
21462055
1014829
1244216
7044153
16579662
16579663
949327
19463255
15301724
8584290
11664487
18578541
10878062
1899629
21068911
15629443
13139077
5667973
6814854
6814855
982157
16120974
1113238
1113240
10288282
4291745
392357
10878119
13237415
18611368
11467950
17956015
22117571
1768644
2161862
10353862
13368519
13368520
13368521
15858891
15858892
21363911
2391245
9796809
17792212
4193495
12516574
3472611
17431783
21921000
8912107
10222828
11893997
8912110
12352751
12942575
556271
8912113
3767539
11992308
19627256
3177725
18349315
14417163
982287
15957269
13794582
9895196
3800349
15007015
10288424
20282668
20282669
20282670
785713
11730227
20282675
20282676
3603774
13139266
13139267
17268049
19758418
3931480
6061402
6061403
23199071
11566433
15170914
16579945
14974316
9665900
5537138
5537139
15826295
19823992
15826299
15826300
15826301
20905348
6061451
21101965
6421904
15596949
15596950
4324758
22019481
20741536
23428514
20413859
16678308
20970925
5471671
5471672
14450108
9141694
9141695
19824066
9272774
8093133
1342927
3734993
15760850
3734994
3767762
3767763
3767765
4259286
5995985
4652514
720361
130541
13336051
13499897
16055802
228865
14876163
16023045
22642186
14188043
8093202
917011
10386966
7372311
6159896
14548507
8486429
11107871
14417449
23035433
15597101
17530413
12844597
228925
7044674
7044675
7044685
9272911
3767903
22347366
20250217
6258282
23658098
654964
4750967
15171197
9928335
23035537
13106834
23035538
14843540
14188181
16809623
6028953
23494305
20086435
3309233
14843583
130757
13270730
20741835
5439181
3636960
19922657
8912608
21266147
15236847
19332849
19332852
18185977
5766915
17366812
9371421
18054947
1179431
196392
4489007
19660598
19693366
18579261
11337538
10977091
3473219
3538760
8224584
10649421
13696846
17497944
17891160
17891162
13565787
20676444
11698013
14581601
18808673
19660641
7143272
12222321
9371509
458614
9830264
9830267
14974844
9830269
23232384
1605515
5373841
21462936
458662
17203112
11501486
11108280
1015744
14319557
21495755
16744397
11993046
7110627
13533160
3211242
19693561
